[gd_scene load_steps=8 format=3 uid="uid://cabyflgkmv51q"]

[ext_resource type="PackedScene" uid="uid://qhhokma80i3g" path="res://scenes/enitities/characters/player/player.tscn" id="1_rc2yo"]
[ext_resource type="Texture2D" uid="uid://p7lr1x1tedig" path="res://assets/sprites/player/main_character.png" id="2_k0v2k"]
[ext_resource type="Script" path="res://scenes/ui/debugger_label.gd" id="3_1imtx"]
[ext_resource type="Script" path="res://scripts/class/lootbox.gd" id="4_8mtqr"]
[ext_resource type="Texture2D" uid="uid://cjenraw6v5maa" path="res://assets/sprites/loot_boxes/loot_boxes.png" id="4_8yb40"]

[sub_resource type="PlaneMesh" id="PlaneMesh_f2q2i"]
size = Vector2(20, 20)

[sub_resource type="StandardMaterial3D" id="StandardMaterial3D_4n38m"]
albedo_color = Color(0.197937, 0.197937, 0.197937, 1)

[node name="Game" type="Node3D"]

[node name="Map" type="CSGMesh3D" parent="."]
transform = Transform3D(1, 0, 0, 0, 0.999679, 0.0253568, 0, -0.0253568, 0.999679, 0, -1, 0)
mesh = SubResource("PlaneMesh_f2q2i")
material = SubResource("StandardMaterial3D_4n38m")

[node name="DirectionalLight3D" type="DirectionalLight3D" parent="."]
transform = Transform3D(0.707107, 0.353553, -0.612372, 0, 0.866025, 0.5, 0.707107, -0.353553, 0.612372, -1, 6, 1)
light_energy = 2.65
shadow_enabled = true
directional_shadow_split_1 = 0.049

[node name="Sprite3D" type="Sprite3D" parent="."]
transform = Transform3D(1, 0, 0, 0, -4.37114e-08, 1, 0, -1, -4.37114e-08, -2, 0.1, 0)
texture = ExtResource("2_k0v2k")

[node name="Characters" type="Node3D" parent="."]
transform = Transform3D(1, 0, 0, 0, 0.965926, -0.258819, 0, 0.258819, 0.965926, 0, -1.1, 0)

[node name="Player" parent="Characters" instance=ExtResource("1_rc2yo")]
transform = Transform3D(1, 0, 0, 0, 0.866025, -0.5, 0, 0.5, 0.866025, 0, 0.393185, -0.0517639)

[node name="Camera3D" type="Camera3D" parent="Characters/Player"]
transform = Transform3D(1, 0, 0, 0, -0.5, 0.866025, 0, -0.866025, -0.5, 0, 2.63398, -1.36603)

[node name="CanvasLayer" type="CanvasLayer" parent="."]

[node name="DebuggerLabel" type="Label" parent="CanvasLayer"]
offset_top = 264.0
offset_right = 389.0
offset_bottom = 721.0
script = ExtResource("3_1imtx")

[node name="Control" type="Control" parent="CanvasLayer"]
layout_mode = 3
anchors_preset = 15
anchor_right = 1.0
anchor_bottom = 1.0
grow_horizontal = 2
grow_vertical = 2

[node name="LootBox" type="Control" parent="CanvasLayer/Control"]
layout_mode = 1
anchors_preset = 5
anchor_left = 0.5
anchor_right = 0.5
offset_left = 160.0
offset_top = 8.0
offset_right = 644.0
offset_bottom = 168.0
grow_horizontal = 2
script = ExtResource("4_8mtqr")
time_to_spawn = 5.0

[node name="Sprite2D" type="Sprite2D" parent="CanvasLayer/Control/LootBox"]
position = Vector2(0, 96)
scale = Vector2(2, 2)
texture = ExtResource("4_8yb40")
hframes = 4
vframes = 5

[node name="Label" type="Label" parent="CanvasLayer/Control/LootBox"]
layout_mode = 0
offset_left = 50.0
offset_top = 96.0
offset_right = 163.0
offset_bottom = 119.0
text = "Next item in ..."
horizontal_alignment = 1
vertical_alignment = 1

[node name="AnimationPlayer" type="AnimationPlayer" parent="CanvasLayer/Control/LootBox"]
